A-patternMAX 2 0;
A disto2 vol 0 16 0 0.393939 0.161616 0 0 0 0 0 0 0 0 0 0 0 0 0.686869
;
A disto2 disto 0.283306 16 0.283306 0.343434 0.393939 0 0 0 0 0 0 0
0 0 0 0 0 0.242424;
A eq2 f 59.5556 16 59.5556 82.5657 101.515 0 0 0 0 0 0 0 0 0 0 0 0
59.5556;
A eq2 q 0.329598 16 0.329598 5.21827 5.21827 0 0 0 0 0 0 0 0 0 0 0
0 0.329598;
A eq2 db 0 16 0 15.5556 15.5556 0 0 0 0 0 0 0 0 0 0 0 0 -100;
A r1 tone 0.464646 16 0.464646 0.464646 0.464646 0 0 0 0 0 0 0 0 0
0 0 0 0.464646;
A r1 time 1.44707 16 1.44707 1.44707 1.44707 0 0 0 0 0 0 0 0 0 0 0
0 0;
A r1 vol 0 16 0 0 0 0 0 0 0 0 0 0 0 0 0 0 0 0;
A cheb1 coef4 0 16 0 0 0 0 0 0 0 0 0 0 0 0 0 0 0 0;
A cheb1 coef3 0 16 0 0 0 0 0 0 0 0 0 0 0 0 0 0 0 0;
A cheb1 coef2 0 16 0 0 0 0 0 0 0 0 0 0 0 0 0 0 0 0;
A cheb1 coef1 1 16 1 1 1 0 0 0 0 0 0 0 0 0 0 0 0 0;
A cheb1 vol 1 16 1 1 1 0 0 0 0 0 0 0 0 0 0 0 0 0;
A ssb1 bypass 1 16 1 1 1 0 0 0 0 0 0 0 0 0 0 0 0 0;
A ssb1 vol 0 16 0 0 0 0 0 0 0 0 0 0 0 0 0 0 0 0;
A ssb1 levlfo 0 16 0 0 0 0 0 0 0 0 0 0 0 0 0 0 0 0;
A ssb1 trans 0 16 0 0 0 0 0 0 0 0 0 0 0 0 0 0 0 0;
A ssb1 grain 0 16 0 0 0 0 0 0 0 0 0 0 0 0 0 0 0 0;
A ssb1 freq 0 16 0 0 0 0 0 0 0 0 0 0 0 0 0 0 0 0;
A eq1 f 69 16 69 69 69 0 0 0 0 0 0 0 0 0 0 0 0 0;
A eq1 q 1.7 16 1.7 1.7 1.7 0 0 0 0 0 0 0 0 0 0 0 0 0;
A eq1 db 0 16 0 0 0 0 0 0 0 0 0 0 0 0 0 0 0 0;
A gap1 bypass 1 16 1 1 1 0 0 0 0 0 0 0 0 0 0 0 0 0;
A gap1 vitesse 0 16 0 0 0 0 0 0 0 0 0 0 0 0 0 0 0 0;
A gap1 vol 0 16 0 0 0 0 0 0 0 0 0 0 0 0 0 0 0 0;
A gap1 time 0 16 0 0 0 0 0 0 0 0 0 0 0 0 0 0 0 0;
A gap1 line 0 16 0 0 0 0 0 0 0 0 0 0 0 0 0 0 0 0;
A echo1 time 0 16 0 0.666667 0.717172 0 0 0 0 0 0 0 0 0 0 0 0 0;
A echo1 filtre 0 16 0 0.79798 0.828283 0 0 0 0 0 0 0 0 0 0 0 0 0;
A echo1 feed 0 16 0 0.393939 0.232323 0 0 0 0 0 0 0 0 0 0 0 0 0;
A echo1 vol 0 16 0 0.656566 0.656566 0 0 0 0 0 0 0 0 0 0 0 0 0;
A div1 bypass 1 16 1 1 1 0 0 0 0 0 0 0 0 0 0 0 0 0;
A div1 vol2 0 16 0 0 0 0 0 0 0 0 0 0 0 0 0 0 0 0;
A div1 vol 0 16 0 0 0 0 0 0 0 0 0 0 0 0 0 0 0 0;
A div1 eff 0 16 0 0 0 0 0 0 0 0 0 0 0 0 0 0 0 0;
A div1 effmicro 0 16 0 0 0 0 0 0 0 0 0 0 0 0 0 0 0 0;
A disto1 vol 0.757576 16 0.757576 0.757576 0.757576 0 0 0 0 0 0 0 0
0 0 0 0 0;
A disto1 disto 0.20202 16 0.20202 0.20202 0.20202 0 0 0 0 0 0 0 0 0
0 0 0 0;
A sh1 bypass 1 16 1 1 1 0 0 0 0 0 0 0 0 0 0 0 0 0;
A sh1 vol 0 16 0 0 0 0 0 0 0 0 0 0 0 0 0 0 0 0;
A sh1 levlfo 0 16 0 0 0 0 0 0 0 0 0 0 0 0 0 0 0 0;
A sh1 del 0 16 0 0 0 0 0 0 0 0 0 0 0 0 0 0 0 0;
A sh1 win 0 16 0 0 0 0 0 0 0 0 0 0 0 0 0 0 0 0;
A sh1 trans 0 16 0 0 0 0 0 0 0 0 0 0 0 0 0 0 0 0;
A sh1 grain 0 16 0 0 0 0 0 0 0 0 0 0 0 0 0 0 0 0;
A sh1 freq 0 16 0 0 0 0 0 0 0 0 0 0 0 0 0 0 0 0;
