A-patternMAX 10 0;
A disto2 vol 0 16 0 0.868687 0.737374 0.626263 0.626263 0.626263 0.626263 0.626263 0.626263 0.626263 0.626263 0 0 0 0 0.686869;
A disto2 disto 0.283306 16 0.283306 0 0.20202 0 0 0 0 0 0 0.343434 0.343434 0 0 0 0 0.242424;
A eq2 f 59.5556 16 59.5556 74.4444 116.404 116.404 85.2727 85.2727 85.2727 85.2727 85.2727 100.162 100.162 0 0 0 0 59.5556;
A eq2 q 0.329598 16 0.329598 5.91631 1.48689 1.48689 1.48689 1.48689 1.48689 1.48689 1.48689 1.48689 1.48689 0 0 0 0 0.329598;
A eq2 db 0 16 0 15.5556 15.5556 15.5556 15.5556 15.5556 15.5556 15.5556 15.5556 15.5556 15.5556 0 0 0 0 -100;
A r1 tone 0.464646 16 0.464646 0.464646 1.17172 1.17172 1.17172 1.17172 1.17172 1.17172 1.17172 1.17172 1.17172 0 0 0 0 0.464646;
A r1 time 1.44707 16 1.44707 1.44707 4.30123 4.30123 4.30123 4.30123 4.30123 4.30123 4.30123 4.30123 4.30123 0 0 0 0 0;
A r1 vol 0 16 0 0 0.384615 0 0 0 0 0.230769 0.230769 0.230769 0.230769 0 0 0 0 0;
A cheb1 coef4 0 16 0 0 0 0.757576 0.707071 1 1 0.737374 0.737374 0 0 0 0 0 0 0;
A cheb1 coef3 0 16 0 0 0 0.767677 1 0.555556 0 0 0 0 0 0 0 0 0 0;
A cheb1 coef2 0 16 0 0 0 0.878788 0.707071 1 0 0.454545 0.454545 0 0 0 0 0 0 0;
A cheb1 coef1 1 16 1 1 1 0.676768 0.525253 0.20202 1 1 1 1 1 0 0 0 0 0;
A cheb1 vol 1 16 1 1 1 1 1 1 1 1 1 1 1 0 0 0 0 0;
A ssb1 bypass 1 16 1 1 1 1 1 1 1 1 1 1 1 0 0 0 0 0;
A ssb1 vol 0 16 0 0 0 0 0 0 0 0.838384 0.838384 0.838384 0.838384 0 0 0 0 0;
A ssb1 levlfo 0 16 0 0 0 0 0 0 0 0 0 0 0 0 0 0 0 0;
A ssb1 trans 0 16 0 0 0 0 0 0 0 0 0 0 0 0 0 0 0 0;
A ssb1 grain 0 16 0 0 0 0 0 0 0 0 0 0 0 0 0 0 0 0;
A ssb1 freq 0 16 0 0 0 0 0 0 0 0 0 0 0 0 0 0 0 0;
A eq1 f 69 16 69 69 69 101.515 94.7475 110.99 110.99 110.99 110.99 37.899 37.899 0 0 0 0 0;
A eq1 q 1.7 16 1.7 1.7 1.7 1.7 3.36272 11.8015 11.8015 11.8015 11.8015 0.579889 0.579889 0 0 0 0 0;
A eq1 db 0 16 0 0 0 5.05051 11.6162 22.1212 22.1212 22.1212 22.1212 -22.5253 -22.5253 0 0 0 0 0;
A gap1 bypass 1 16 1 1 1 1 1 1 1 1 1 0 0 0 0 0 0 0;
A gap1 vitesse 0 16 0 0 0 0 0 0 0 0 0.232323 0.333333 0.474747 0 0 0 0 0;
A gap1 vol 0 16 0 0 0 0 0 0 0 0 0.828283 0.868687 0.868687 0 0 0 0 0;
A gap1 time 0 16 0 0 0 0 0 0 0 0 0.484848 0.515152 0.393939 0 0 0 0 0;
A gap1 line 0 16 0 0 0 0 0 0 0 0 0 0 0 0 0 0 0 0;
A echo1 time 0 16 0 0.79798 0.818182 0.818182 0.59596 0.59596 0.59596 0.59596 0.767677 0.818182 0.818182 0 0 0 0 0;
A echo1 filtre 0 16 0 0.79798 0.89899 0.89899 0.838384 0.838384 0.838384 0.838384 0.838384 0.737374 0.737374 0 0 0 0 0;
A echo1 feed 0 16 0 0.393939 0.585859 0.585859 0.747475 0.747475 0.747475 0.747475 0.747475 0.525253 0.525253 0 0 0 0 0;
A echo1 vol 0 16 0 0.656566 0.656566 0.282828 0.373737 0.222222 0.222222 0.191919 0.191919 0.191919 0.191919 0 0 0 0 0;
A div1 bypass 1 16 1 1 1 1 1 1 1 0 0 1 1 0 0 0 0 0;
A div1 vol2 0 16 0 0 0 0 0 0 0 0 0 0 0 0 0 0 0 0;
A div1 vol 0 16 0 0 0 0 0 0 0.565657 0.585859 0.656566 0.656566 0.656566 0 0 0 0 0;
A div1 eff 0 16 0 0 0 0 0 0 0.222222 0.20202 0.171717 0.171717 0.171717 0 0 0 0 0;
A div1 effmicro 0 16 0 0 0 0 0 0 0.262626 0.818182 0.10101 0.10101 0.10101 0 0 0 0 0;
A disto1 vol 0.757576 16 0.757576 0.757576 0.757576 0.626263 0.232323 0.232323 0.151515 0.222222 0.20202 0.181818 0.181818 0 0 0 0 0;
A disto1 disto 0.20202 16 0.20202 0.20202 0.20202 0.272727 0.282828 0.323232 0.535354 0.393939 0.393939 0.383838 0.383838 0 0 0 0 0;
A sh1 bypass 1 16 1 1 1 1 1 1 1 1 1 1 1 0 0 0 0 0;
A sh1 vol 0 16 0 0 0 0 0 0 0 0 0 0 0 0 0 0 0 0;
A sh1 levlfo 0 16 0 0 0 0 0 0 0 0 0 0 0 0 0 0 0 0;
A sh1 del 0 16 0 0 0 0 0 0 0 0 0 0 0 0 0 0 0 0;
A sh1 win 0 16 0 0 0 0 0 0 0 0 0 0 0 0 0 0 0 0;
A sh1 trans 0 16 0 0 0 0 0 0 0 0 0 0 0 0 0 0 0 0;
A sh1 grain 0 16 0 0 0 0 0 0 0 0 0 0 0 0 0 0 0 0;
A sh1 freq 0 16 0 0 0 0 0 0 0 0 0 0 0 0 0 0 0 0;
