B-patternMAX 3 0;
B moog sat 0.993205 16 1 0.969697 1 0.666667 0 0 0 0 0 0 0 0 0 0 0 0;
B moog f 98.8081 16 64.9697 98.8081 98.8081 100.135 0 0 0 0 0 0 0 0 0 0 0 0;
B moog q 0.428773 16 0.141414 0.444444 0.424242 0.565657 0 0 0 0 0 0 0 0 0 0 0 0;
B eq2 f 85.5516 16 67.6768 77.1515 87.9798 94.7475 0 0 0 0 0 0 0 0 0 0 0 0;
B eq2 q 7.45202 16 2.96596 5.21827 8.09772 5.21827 0 0 0 0 0 0 0 0 0 0 0 0;
B eq2 db 21.6915 16 26.0606 24.7475 20.8081 26.0606 0 0 0 0 0 0 0 0 0 0 0 0;
B disto vol 0.424242 16 0.424242 0.424242 0.424242 0.292929 0 0 0 0 0 0 0 0 0 0 0 0;
B disto disto 0.343434 16 0.313131 0.343434 0.343434 0.575758 0 0 0 0 0 0 0 0 0 0 0 0;
B cheb1 coef4 1 16 0 1 1 1 0 0 0 0 0 0 0 0 0 0 0 0;
B cheb1 coef3 0.895806 16 1 0.535354 1 1 0 0 0 0 0 0 0 0 0 0 0 0;
B cheb1 coef2 0.775757 16 0 0 1 0 0 0 0 0 0 0 0 0 0 0 0 0;
B cheb1 coef1 0.224243 16 1 1 0 1 0 0 0 0 0 0 0 0 0 0 0 0;
B cheb1 vol 1 16 1 1 1 1 0 0 0 0 0 0 0 0 0 0 0 0;
A-patternMAX 5 0;
A disto vol 0.677071 16 0 0.606061 0.626263 0.515152 0.737374 0.737374 0 0 0 0 0 0 0 0 0 0;
A disto disto 0.213439 16 0 0 0.272727 0 0.292929 0.292929 0 0 0 0 0 0 0 0 0 0;
A eq2 f 76.6279 16 109.636 92.0404 79.8586 93.3939 70.3838 70.3838 0 0 0 0 0 0 0 0 0 0;
A eq2 q 2.23875 16 1.02025 2.61602 1.79501 2.7855 2.03513 2.03513 0 0 0 0 0 0 0 0 0 0;
A eq2 db 11.9725 16 24.7475 2.42424 24.7475 12.9293 11.6162 11.6162 0 0 0 0 0 0 0 0 0 0;
A echo1 time 0.802599 16 0 0.616162 0.272727 0.787879 0.808081 0.89899 0 0 0 0 0 0 0 0 0 0;
A echo1 filtre 0.800721 16 1 0.878788 1 0.808081 0.79798 0.656566 0 0 0 0 0 0 0 0 0 0;
A echo1 feed 0.480381 16 0 0.353535 0.646465 0.414141 0.50505 0.59596 0 0 0 0 0 0 0 0 0 0;
A echo1 vol 0.845441 16 0.858586 0.848485 0.757576 1 0.787879 0.939394 0 0 0 0 0 0 0 0 0 0;
