A-patternMAX 4 0;
A disto vol 0 16 0 0.545455 0.626263 0.515152 0.585859 0 0 0 0 0 0
0 0 0 0 0;
A disto disto 0 16 0 0.141414 0.272727 0.292929 0.292929 0 0 0 0 0
0 0 0 0 0 0;
A eq2 f 109.636 16 109.636 109.636 109.636 92.0404 78.5051 0 0 0 0
0 0 0 0 0 0 0;
A eq2 q 1.02025 16 1.02025 1.02025 1.02025 2.7855 2.7855 0 0 0 0 0
0 0 0 0 0 0;
A eq2 db 24.7475 16 24.7475 24.7475 24.7475 30 30 0 0 0 0 0 0 0 0 0
0 0;
A echo1 time 0 16 0 0.363636 0.464646 0.787879 0.717172 0 0 0 0 0 0
0 0 0 0 0;
A echo1 filtre 1 16 1 1 1 0.919192 0.79798 0 0 0 0 0 0 0 0 0 0 0;
A echo1 feed 0 16 0 0.353535 0.414141 0.414141 0.50505 0 0 0 0 0 0
0 0 0 0 0;
A echo1 vol 0.858586 16 0.858586 0.787879 0.757576 0.737374 0.747475
0 0 0 0 0 0 0 0 0 0 0;
