A-patternMAX 3 0;
A eq2 f 109.636 16 109.636 109.636 81.2121 109.636 0 0 0 0 0 0 0 0
0 0 0 0;
A eq2 q 3.15811 16 3.15811 3.15811 7.1423 0.309544 0 0 0 0 0 0 0 0
0 0 0 0;
A eq2 db 20.8081 16 20.8081 20.8081 20.8081 23.4343 0 0 0 0 0 0 0 0
0 0 0 0;
A echo1 time 0.545455 16 0.545455 0.545455 0.676768 0.727273 0 0 0
0 0 0 0 0 0 0 0 0;
A echo1 filtre 1 16 1 1 0.515152 1 0 0 0 0 0 0 0 0 0 0 0 0;
A echo1 feed 0.222222 16 0.222222 0.222222 0.393939 0.393939 0 0 0
0 0 0 0 0 0 0 0 0;
A echo1 vol 0 16 0 0.636364 0.636364 0.767677 0 0 0 0 0 0 0 0 0 0 0
0;
