M-patternMAX 3 0;
M melo-1-table 20 5 4 2 0 7 5 4 2 9 7 5 4 11 9 7 5 16 1 4 0 16 1 2
2 4 0 0 0 0 0 0 0 0 0 0 0 0 4 2 4 0 1 2 24 7 5 24 17 13 0 0 0 0 0 0
0 0 8 1 4 0 0 2 4 5 2 4 5 7 4 5 7 9 5 7 9 11 16 1 4 0 5 4 2 0 7 5 4
2 9 7 5 4 11 9 7 5 16 1 4 0 0 0 0 0 0 0 0 0 0 0 0 0 0 0 0 0 0 0 0 0
0 0 0 0 0 0 0 0 0 0 0 0 0 0 0 0 0 0 0 0 0 0 0 0 0 0 0 0 0 0 0 0 0 0
0 0 0 0 0 0 0 0 0 0 0 0 0 0 0 0 0 0 0 0 0 0 0 0 0 0 0 0 0 0 0 0 0 0
0 0 0 0 0 0 0 0 0 0 0 0 0 0 0 0 0 0 0 0 0 0 0 0 0 0 0 0 0 0 0 0 0 0
0 0 0 0 0 0 0 0 0 0 0 0 0 0 0 0 0 0 0 0 0 0 0 0 0 0 0 0 0 0 0 0 0 0
0 0 0 0 0 0 0 0 0 0 0 0 0 0 0 0 0 0 0 0 0 0 0 0 0 0 0 0 0 0 0 0 0 0
0 0 0 0 0 0 0 0 0 0 0 0 0 0 0 0 0 0 0 0 0 0 0 0 0 0 0 0 0 0 0 0 0 0
0 0 0 0 0 0 0 0 0 0 0 0 0 0 0 0;
