A-patternMAX 4 0;
A lop1 value 1 16 1 1 0.79798 0.686869 0.686869 0.686869 0 0 0 0 0
0 0 0 0 0.686869;
A ph1 rate 0.131313 16 0.131313 0.363636 0.131313 0.131313 0.131313
0.131313 0 0 0 0 0 0 0 0 0 0.131313;
A ph1 deph 0 16 0 0.828283 0 0.242424 0 0 0 0 0 0 0 0 0 0 0 0.242424
;
A eq1 f 93.3939 16 93.3939 93.3939 93.3939 93.3939 93.3939 93.3939
0 0 0 0 0 0 0 0 0 93.3939;
A eq1 q 1.7 16 1.7 1.7 1.7 1.7 1.7 1.7 0 0 0 0 0 0 0 0 0 1.7;
A eq1 db 0 16 0 0 0 0 0 0 0 0 0 0 0 0 0 0 0 0;
A dist1 vol 1 16 1 1 1 1 1 1 0 0 0 0 0 0 0 0 0 1;
A dist1 disto 0 16 0 0 0.343434 0.393939 0.50505 0.50505 0 0 0 0 0
0 0 0 0 0.393939;
A moog1 sat 1 16 1 1 1 1 1 1 0 0 0 0 0 0 0 0 0 1;
A moog1 f 134 16 134 134 134 21.6566 67.6768 67.6768 0 0 0 0 0 0 0
0 0 40.6061;
A moog1 q 0 16 0 0 0 0.646465 0.79798 0.89899 0 0 0 0 0 0 0 0 0 0.606061
;
